1619385519.1103783RNN_model.h5performance:
sensitivity:0.8883116883116883
specifity:0.8528610354223434
accuracy:0.8710106382978723
f1_score:0.8758002560819462
mcc:0.7420108114206575


