1618430993.700534RNN_model.h5performance:
sensitivity:0.7402597402597403
specifity:0.9591280653950953
accuracy:0.8470744680851063
f1_score:0.8321167883211679
mcc:0.7139233852184225


