1619572997.5415125ResNet_model.h5performance:
sensitivity:0.8519480519480519
specifity:0.8719346049046321
accuracy:0.8617021276595744
f1_score:0.8631578947368421
mcc:0.7236778158010494


