1617719644.751916CNN_model.h5performance:
sensitivity:0.2077922077922078
specifity:1.0
accuracy:0.5944148936170213
f1_score:0.34408602150537637
mcc:0.3368705334975132


